663315276454400001
663315276454400002
663315276454400003
663315276454400004
663315276454400005
663315276454400006
663315276454400007
663315276454400008
663315276454400009
663315276454400010
663315276454400011
663315276454400012
663315276454400013
663315276454400014
663315276454400015
663315276454400016
663315276454400017
663315276454400018
663315276454400019
663315276454400020
663315276454400021
663315276454400022
663315276454400023
663315276454400024
663315276454400025
663315276454400026
663315276454400027
663315276454400028
663315276454400029
663315276454400030
663315276454400031
663315276454400032
663315276454400033
663315276454400034
663315276454400035
663315276454400036
663315276454400037
663315276454400038
663315276454400039
663315276454400040
663315276454400041
663315276454400042
663315276454400043
663315276454400044
663315276454400045
663315276454400046
663315276454400047
663315276454400048
663315276454400049
663315276454400050
663315276454400051
663315276454400052
663315276454400053
663315276454400054
663315276454400055
663315276454400056
663315276454400057
663315276454400058
663315276454400059
663315276454400060
663315276454400061
663315276454400062
663315276454400063
663315276454400064
663315276454400065
663315276454400066
663315276454400067
663315276454400068
663315276454400069
663315276454400070
663315276454400071
663315276454400072
663315276454400073
663315276454400074
663315276454400075
663315276454400076
663315276454400077
663315276454400078
663315276454400079
663315276454400080
663315276454400081
663315276454400082
663315276454400083
663315276454400084
663315276454400085
663315276454400086
663315276454400087
663315276454400088
663315276454400089
663315276454400090
663315276454400091
663315276454400092
663315276454400093
663315276454400094
663315276454400095
663315276454400096
663315276454400097
663315276454400098
663315276454400099
663315276454400100
663315276454400101
663315276454400102
663315276454400103
663315276454400104
663315276454400105
663315276454400106
663315276454400107
663315276454400108
663315276454400109
663315276454400110
663315276454400111
663315276454400112
663315276454400113
663315276454400114
663315276454400115
663315276454400116
663315276454400117
663315276454400118
663315276454400119
663315276454400120
663315276454400121
663315276454400122
663315276454400123
663315276454400124
663315276454400125
663315276454400126
663315276454400127
663315276454400128
663315276454400129
663315276454400130
663315276454400131
663315276454400132
663315276454400133
663315276454400134
663315276454400135
663315276454400136
663315276454400137
663315276454400138
663315276454400139
663315276454400140
663315276454400141
663315276454400142
663315276454400143
663315276454400144
663315276454400145
663315276454400146
663315276454400147
663315276454400148
663315276454400149
663315276454400150
663315276454400151
663315276454400152
663315276454400153
663315276454400154
663315276454400155
663315276454400156
663315276454400157
663315276454400158
663315276454400159
663315276454400160
663315276454400161
663315276454400162
663315276454400163
663315276454400164
663315276454400165
663315276454400166
663315276454400167
663315276454400168
663315276454400169
663315276454400170
663315276454400171
663315276454400172
663315276454400173
663315276454400174
663315276454400175
663315276454400176
663315276454400177
663315276454400178
663315276454400179
663315276454400180
663315276454400181
663315276454400182
663315276454400183
663315276454400184
663315276454400185
663315276454400186
663315276454400187
663315276454400188
663315276454400189
663315276454400190
663315276454400191
663315276454400192
663315276454400193
663315276454400194
663315276454400195
663315276454400196
663315276454400197
663315276454400198
663315276454400199
663315276454400200
663315276454400201
663315276454400202
663315276454400203
663315276454400204
663315276454400205
663315276454400206
663315276454400207
663315276454400208
663315276454400209
663315276454400210
663315276454400211
663315276454400212
663315276454400213
663315276454400214
663315276454400215
663315276454400216
663315276454400217
663315276454400218
663315276454400219
663315276454400220
663315276454400221
663315276454400222
663315276454400223
663315276454400224
663315276454400225
663315276454400226
663315276454400227
663315276454400228
663315276454400229
663315276454400230
663315276454400231
663315276454400232
663315276454400233
663315276454400234
663315276454400235
663315276454400236
663315276454400237
663315276454400238
663315276454400239
663315276454400240
663315276454400241
663315276454400242
663315276454400243
663315276454400244
663315276454400245
663315276454400246
663315276454400247
663315276454400248
663315276454400249
663315276454400250
663315276454400251
663315276454400252
663315276454400253
663315276454400254
663315276454400255
663315276454400256
663315276454400257
663315276454400258
663315276454400259
663315276454400260
663315276454400261
663315276454400262
663315276454400263
663315276454400264
663315276454400265
663315276454400266
663315276454400267
663315276454400268
663315276454400269
663315276454400270
663315276454400271
663315276454400272
663315276454400273
663315276454400274
663315276454400275
663315276454400276
663315276454400277
663315276454400278
663315276454400279
663315276454400280
663315276454400281
663315276454400282
663315276454400283
663315276454400284
663315276454400285
663315276454400286
663315276454400287
663315276454400288
663315276454400289
663315276454400290
663315276454400291
663315276454400292
663315276454400293
663315276454400294
663315276454400295
663315276454400296
663315276454400297
663315276454400298
663315276454400299
663315276454400300
663315276454400301
663315276454400302
663315276454400303
663315276454400304
663315276454400305
663315276454400306
663315276454400307
663315276454400308
663315276454400309
663315276454400310
663315276454400311
663315276454400312
663315276454400313
663315276454400314
663315276454400315
663315276454400316
663315276454400317
663315276454400318
663315276454400319
663315276454400320
663315276454400321
663315276454400322
663315276454400323
663315276454400324
663315276454400325
663315276454400326
663315276454400327
663315276454400328
663315276454400329
663315276454400330
663315276454400331
663315276454400332
663315276454400333
663315276454400334
663315276454400335
663315276454400336
663315276454400337
663315276454400338
663315276454400339
663315276454400340
663315276454400341
663315276454400342
663315276454400343
663315276454400344
663315276454400345
663315276454400346
663315276454400347
663315276454400348
663315276454400349
663315276454400350
663315276454400351
663315276454400352
663315276454400353
663315276454400354
663315276454400355
663315276454400356
663315276454400357
663315276454400358
663315276454400359
663315276454400360
663315276454400361
663315276454400362
663315276454400363
663315276454400364
663315276454400365
663315276454400366
663315276454400367
663315276454400368
663315276454400369
663315276454400370
663315276454400371
663315276454400372
663315276454400373
663315276454400374
663315276454400375
663315276454400376
663315276454400377
663315276454400378
663315276454400379
663315276454400380
663315276454400381
663315276454400382
663315276454400383
663315276454400384
663315276454400385
663315276454400386
663315276454400387
663315276454400388
663315276454400389
663315276454400390
663315276454400391
663315276454400392
663315276454400393
663315276454400394
663315276454400395
663315276454400396
663315276454400397
663315276454400398
663315276454400399
663315276454400400
663315276454400401
663315276454400402
663315276454400403
663315276454400404
663315276454400405
663315276454400406
663315276454400407
663315276454400408
663315276454400409
663315276454400410
663315276454400411
663315276454400412
663315276454400413
663315276454400414
663315276454400415
663315276454400416
663315276454400417
663315276454400418
663315276454400419
663315276454400420
663315276454400421
663315276454400422
663315276454400423
663315276454400424
663315276454400425
663315276454400426
663315276454400427
663315276454400428
663315276454400429
663315276454400430
663315276454400431
663315276454400432
663315276454400433
663315276454400434
663315276454400435
663315276454400436
663315276454400437
663315276454400438
663315276454400439
663315276454400440
663315276454400441
663315276454400442
663315276454400443
663315276454400444
663315276454400445
663315276454400446
663315276454400447
663315276454400448
663315276454400449
663315276454400450
663315276454400451
663315276454400452
663315276454400453
663315276454400454
663315276454400455
663315276454400456
663315276454400457
663315276454400458
663315276454400459
663315276454400460
663315276454400461
663315276454400462
663315276454400463
663315276454400464
663315276454400465
663315276454400466
663315276454400467
663315276454400468
663315276454400469
663315276454400470
663315276454400471
663315276454400472
663315276454400473
663315276454400474
663315276454400475
663315276454400476
663315276454400477
663315276454400478
663315276454400479
663315276454400480
663315276454400481
663315276454400482
663315276454400483
663315276454400484
663315276454400485
663315276454400486
663315276454400487
663315276454400488
663315276454400489
663315276454400490
663315276454400491
663315276454400492
663315276454400493
663315276454400494
663315276454400495
663315276454400496
663315276454400497
663315276454400498
663315276454400499
663315276454400500
663315276454400501
663315276454400502
663315276454400503
663315276454400504
663315276454400505
663315276454400506
663315276454400507
663315276454400508
663315276454400509
663315276454400510
663315276454400511
663315276454400512
663315276454400513
663315276454400514
663315276454400515
663315276454400516
663315276454400517
663315276454400518
663315276454400519
663315276454400520
663315276454400521
663315276454400522
663315276454400523
663315276454400524
663315276454400525
663315276454400526
663315276454400527
663315276454400528
663315276454400529
663315276454400530
663315276454400531
663315276454400532
663315276454400533
663315276454400534
663315276454400535
663315276454400536
663315276454400537
663315276454400538
663315276454400539
663315276454400540
663315276454400541
663315276454400542
663315276454400543
663315276454400544
663315276454400545
663315276454400546
663315276454400547
663315276454400548
663315276454400549
663315276454400550
663315276454400551
663315276454400552
663315276454400553
663315276454400554
663315276454400555
663315276454400556
663315276454400557
663315276454400558
663315276454400559
663315276454400560
663315276454400561
663315276454400562
663315276454400563
663315276454400564
663315276454400565
663315276454400566
663315276454400567
663315276454400568
663315276454400569
663315276454400570
663315276454400571
663315276454400572
663315276454400573
663315276454400574
663315276454400575
663315276454400576
663315276454400577
663315276454400578
663315276454400579
663315276454400580
663315276454400581
663315276454400582
663315276454400583
663315276454400584
663315276454400585
663315276454400586
663315276454400587
663315276454400588
663315276454400589
663315276454400590
663315276454400591
663315276454400592
663315276454400593
663315276454400594
663315276454400595
663315276454400596
663315276454400597
663315276454400598
663315276454400599
663315276454400600
663315276454400601
663315276454400602
663315276454400603
663315276454400604
663315276454400605
663315276454400606
663315276454400607
663315276454400608
663315276454400609
663315276454400610
663315276454400611
663315276454400612
663315276454400613
663315276454400614
663315276454400615
663315276454400616
663315276454400617
663315276454400618
663315276454400619
663315276454400620
663315276454400621
663315276454400622
663315276454400623
663315276454400624
663315276454400625
663315276454400626
663315276454400627
663315276454400628
663315276454400629
663315276454400630
663315276454400631
663315276454400632
663315276454400633
663315276454400634
663315276454400635
663315276454400636
663315276454400637
663315276454400638
663315276454400639
663315276454400640
663315276454400641
663315276454400642
663315276454400643
663315276454400644
663315276454400645
663315276454400646
663315276454400647
663315276454400648
663315276454400649
663315276454400650
663315276454400651
663315276454400652
663315276454400653
663315276454400654
663315276454400655
663315276454400656
663315276454400657
663315276454400658
663315276454400659
663315276454400660
663315276454400661
663315276454400662
663315276454400663
663315276454400664
663315276454400665
663315276454400666
663315276454400667
663315276454400668
663315276454400669
663315276454400670
663315276454400671
663315276454400672
663315276454400673
663315276454400674
663315276454400675
663315276454400676
663315276454400677
663315276454400678
663315276454400679
663315276454400680
663315276454400681
663315276454400682
663315276454400683
663315276454400684
663315276454400685
663315276454400686
663315276454400687
663315276454400688
663315276454400689
663315276454400690
663315276454400691
663315276454400692
663315276454400693
663315276454400694
663315276454400695
663315276454400696
663315276454400697
663315276454400698
663315276454400699
663315276454400700
663315276454400701
663315276454400702
663315276454400703
663315276454400704
663315276454400705
663315276454400706
663315276454400707
663315276454400708
663315276454400709
663315276454400710
663315276454400711
663315276454400712
663315276454400713
663315276454400714
663315276454400715
663315276454400716
663315276454400717
663315276454400718
663315276454400719
663315276454400720
663315276454400721
663315276454400722
663315276454400723
663315276454400724
663315276454400725
663315276454400726
663315276454400727
663315276454400728
663315276454400729
663315276454400730
663315276454400731
663315276454400732
663315276454400733
663315276454400734
663315276454400735
663315276454400736
663315276454400737
663315276454400738
663315276454400739
663315276454400740
663315276454400741
663315276454400742
663315276454400743
663315276454400744
663315276454400745
663315276454400746
663315276454400747
663315276454400748
663315276454400749
663315276454400750
663315276454400751
663315276454400752
663315276454400753
663315276454400754
663315276454400755
663315276454400756
663315276454400757
663315276454400758
663315276454400759
663315276454400760
663315276454400761
663315276454400762
663315276454400763
663315276454400764
663315276454400765
663315276454400766
663315276454400767
663315276454400768
663315276454400769
663315276454400770
663315276454400771
663315276454400772
663315276454400773
663315276454400774
663315276454400775
663315276454400776
663315276454400777
663315276454400778
663315276454400779
663315276454400780
663315276454400781
663315276454400782
663315276454400783
663315276454400784
663315276454400785
663315276454400786
663315276454400787
663315276454400788
663315276454400789
663315276454400790
663315276454400791
663315276454400792
663315276454400793
663315276454400794
663315276454400795
663315276454400796
663315276454400797
663315276454400798
663315276454400799
663315276454400800
663315276454400801
663315276454400802
663315276454400803
663315276454400804
663315276454400805
663315276454400806
663315276454400807
663315276454400808
663315276454400809
663315276454400810
663315276454400811
663315276454400812
663315276454400813
663315276454400814
663315276454400815
663315276454400816
663315276454400817
663315276454400818
663315276454400819
663315276454400820
663315276454400821
663315276454400822
663315276454400823
663315276454400824
663315276454400825
663315276454400826
663315276454400827
663315276454400828
663315276454400829
663315276454400830
663315276454400831
663315276454400832
663315276454400833
663315276454400834
663315276454400835
663315276454400836
663315276454400837
663315276454400838
663315276454400839
663315276454400840
663315276454400841
663315276454400842
663315276454400843
663315276454400844
663315276454400845
663315276454400846
663315276454400847
663315276454400848
663315276454400849
663315276454400850
663315276454400851
663315276454400852
663315276454400853
663315276454400854
663315276454400855
663315276454400856
663315276454400857
663315276454400858
663315276454400859
663315276454400860
663315276454400861
663315276454400862
663315276454400863
663315276454400864
663315276454400865
663315276454400866
663315276454400867
663315276454400868
663315276454400869
663315276454400870
663315276454400871
663315276454400872
663315276454400873
663315276454400874
663315276454400875
663315276454400876
663315276454400877
663315276454400878
663315276454400879
663315276454400880
663315276454400881
663315276454400882
663315276454400883
663315276454400884
663315276454400885
663315276454400886
663315276454400887
663315276454400888
663315276454400889
663315276454400890
663315276454400891
663315276454400892
663315276454400893
663315276454400894
663315276454400895
663315276454400896
663315276454400897
663315276454400898
663315276454400899
663315276454400900
663315276454400901
663315276454400902
663315276454400903
663315276454400904
663315276454400905
663315276454400906
663315276454400907
663315276454400908
663315276454400909
663315276454400910
663315276454400911
663315276454400912
663315276454400913
663315276454400914
663315276454400915
663315276454400916
663315276454400917
663315276454400918
663315276454400919
663315276454400920
663315276454400921
663315276454400922
663315276454400923
663315276454400924
663315276454400925
663315276454400926
663315276454400927
663315276454400928
663315276454400929
663315276454400930
663315276454400931
663315276454400932
663315276454400933
663315276454400934
663315276454400935
663315276454400936
663315276454400937
663315276454400938
663315276454400939
663315276454400940
663315276454400941
663315276454400942
663315276454400943
663315276454400944
663315276454400945
663315276454400946
663315276454400947
663315276454400948
663315276454400949
663315276454400950
663315276454400951
663315276454400952
663315276454400953
663315276454400954
663315276454400955
663315276454400956
663315276454400957
663315276454400958
663315276454400959
663315276454400960
663315276454400961
663315276454400962
663315276454400963
663315276454400964
663315276454400965
663315276454400966
663315276454400967
663315276454400968
663315276454400969
663315276454400970
663315276454400971
663315276454400972
663315276454400973
663315276454400974
663315276454400975
663315276454400976
663315276454400977
663315276454400978
663315276454400979
663315276454400980
663315276454400981
663315276454400982
663315276454400983
663315276454400984
663315276454400985
663315276454400986
663315276454400987
663315276454400988
663315276454400989
663315276454400990
663315276454400991
663315276454400992
663315276454400993
663315276454400994
663315276454400995
663315276454400996
663315276454400997
663315276454400998
663315276454400999
663315276454401000
663315276454401001
663315276454401002
663315276454401003
663315276454401004
663315276454401005
663315276454401006
663315276454401007
663315276454401008
663315276454401009
663315276454401010
663315276454401011
663315276454401012
663315276454401013
663315276454401014
663315276454401015
663315276454401016
663315276454401017
663315276454401018
663315276454401019
663315276454401020
663315276454401021
663315276454401022
663315276454401023
663315276454401024
663315276454401025
663315276454401026
663315276454401027
663315276454401028
663315276454401029
663315276454401030
663315276454401031
663315276454401032
663315276454401033
663315276454401034
663315276454401035
663315276454401036
663315276454401037
663315276454401038
663315276454401039
663315276454401040
663315276454401041
663315276454401042
663315276454401043
663315276454401044
663315276454401045
663315276454401046
663315276454401047
663315276454401048
663315276454401049
663315276454401050
663315276454401051
663315276454401052
663315276454401053
663315276454401054
663315276454401055
663315276454401056
663315276454401057
663315276454401058
663315276454401059
663315276454401060
663315276454401061
663315276454401062
663315276454401063
663315276454401064
663315276454401065
663315276454401066
663315276454401067
663315276454401068
663315276454401069
663315276454401070
663315276454401071
663315276454401072
663315276454401073
663315276454401074
663315276454401075
663315276454401076
663315276454401077
663315276454401078
663315276454401079
663315276454401080
663315276454401081
663315276454401082
663315276454401083
663315276454401084
663315276454401085
663315276454401086
663315276454401087
663315276454401088
663315276454401089
663315276454401090
663315276454401091
663315276454401092
663315276454401093
663315276454401094
663315276454401095
663315276454401096
663315276454401097
663315276454401098
663315276454401099
663315276454401100
663315276454401101
663315276454401102
663315276454401103
663315276454401104
663315276454401105
663315276454401106
663315276454401107
663315276454401108
663315276454401109
663315276454401110
663315276454401111
663315276454401112
663315276454401113
663315276454401114
663315276454401115
663315276454401116
663315276454401117
663315276454401118
663315276454401119
663315276454401120
663315276454401121
663315276454401122
663315276454401123
663315276454401124
663315276454401125
663315276454401126
663315276454401127
663315276454401128
663315276454401129
663315276454401130
663315276454401131
663315276454401132
663315276454401133
663315276454401134
663315276454401135
663315276454401136
663315276454401137
663315276454401138
663315276454401139
663315276454401140
663315276454401141
663315276454401142
663315276454401143
663315276454401144
663315276454401145
663315276454401146
663315276454401147
663315276454401148
663315276454401149
663315276454401150
663315276454401151
663315276454401152
663315276454401153
663315276454401154
663315276454401155
663315276454401156
663315276454401157
663315276454401158
663315276454401159
663315276454401160
663315276454401161
663315276454401162
663315276454401163
663315276454401164
663315276454401165
663315276454401166
663315276454401167
663315276454401168
663315276454401169
663315276454401170
663315276454401171
663315276454401172
663315276454401173
663315276454401174
663315276454401175
663315276454401176
663315276454401177
663315276454401178
663315276454401179
663315276454401180
663315276454401181
663315276454401182
663315276454401183
663315276454401184
663315276454401185
663315276454401186
663315276454401187
663315276454401188
663315276454401189
663315276454401190
663315276454401191
663315276454401192
663315276454401193
663315276454401194
663315276454401195
663315276454401196
663315276454401197
663315276454401198
663315276454401199
663315276454401200
663315276454401201
663315276454401202
663315276454401203
663315276454401204
663315276454401205
663315276454401206
663315276454401207
663315276454401208
663315276454401209
663315276454401210
663315276454401211
663315276454401212
663315276454401213
663315276454401214
663315276454401215
663315276454401216
663315276454401217
663315276454401218
663315276454401219
663315276454401220
663315276454401221
663315276454401222
663315276454401223
663315276454401224
663315276454401225
663315276454401226
663315276454401227
663315276454401228
663315276454401229
663315276454401230
663315276454401231
663315276454401232
663315276454401233
663315276454401234
663315276454401235
663315276454401236
663315276454401237
663315276454401238
663315276454401239
663315276454401240
663315276454401241
663315276454401242
663315276454401243
663315276454401244
663315276454401245
663315276454401246
663315276454401247
663315276454401248
663315276454401249
663315276454401250
663315276454401251
663315276454401252
663315276454401253
663315276454401254
663315276454401255
663315276454401256
663315276454401257
663315276454401258
663315276454401259
663315276454401260
663315276454401261
663315276454401262
663315276454401263
663315276454401264
663315276454401265
663315276454401266
663315276454401267
663315276454401268
663315276454401269
663315276454401270
663315276454401271
663315276454401272
663315276454401273
663315276454401274
663315276454401275
663315276454401276
663315276454401277
663315276454401278
663315276454401279
663315276454401280
663315276454401281
663315276454401282
663315276454401283
663315276454401284
663315276454401285
663315276454401286
663315276454401287
663315276454401288
663315276454401289
663315276454401290
663315276454401291
663315276454401292
663315276454401293
663315276454401294
663315276454401295
663315276454401296
663315276454401297
663315276454401298
663315276454401299
663315276454401300
663315276454401301
663315276454401302
663315276454401303
663315276454401304
663315276454401305
663315276454401306
663315276454401307
663315276454401308
663315276454401309
663315276454401310
663315276454401311
663315276454401312
663315276454401313
663315276454401314
663315276454401315
663315276454401316
663315276454401317
663315276454401318
663315276454401319
663315276454401320
663315276454401321
663315276454401322
663315276454401323
663315276454401324
663315276454401325
663315276454401326
663315276454401327
663315276454401328
663315276454401329
663315276454401330
663315276454401331
663315276454401332
663315276454401333
663315276454401334
663315276454401335
663315276454401336
663315276454401337
663315276454401338
663315276454401339
663315276454401340
663315276454401341
663315276454401342
663315276454401343
663315276454401344
663315276454401345
663315276454401346
663315276454401347
663315276454401348
663315276454401349
663315276454401350
663315276454401351
663315276454401352
663315276454401353
663315276454401354
663315276454401355
663315276454401356
663315276454401357
663315276454401358
663315276454401359
663315276454401360
663315276454401361
663315276454401362
663315276454401363
663315276454401364
663315276454401365
663315276454401366
663315276454401367
663315276454401368
663315276454401369
663315276454401370
663315276454401371
663315276454401372
663315276454401373
663315276454401374
663315276454401375
663315276454401376
663315276454401377
663315276454401378
663315276454401379
663315276454401380
663315276454401381
663315276454401382
663315276454401383
663315276454401384
663315276454401385
663315276454401386
663315276454401387
663315276454401388
663315276454401389
663315276454401390
663315276454401391
663315276454401392
663315276454401393
663315276454401394
663315276454401395
663315276454401396
663315276454401397
663315276454401398
663315276454401399
663315276454401400
663315276454401401
663315276454401402
663315276454401403
663315276454401404
663315276454401405
663315276454401406
663315276454401407
663315276454401408
663315276454401409
663315276454401410
663315276454401411
663315276454401412
663315276454401413
663315276454401414
663315276454401415
663315276454401416
663315276454401417
663315276454401418
663315276454401419
663315276454401420
663315276454401421
663315276454401422
663315276454401423
663315276454401424
663315276454401425
663315276454401426
663315276454401427
663315276454401428
663315276454401429
663315276454401430
663315276454401431
663315276454401432
663315276454401433
663315276454401434
663315276454401435
663315276454401436
663315276454401437
663315276454401438
663315276454401439
663315276454401440
663315276454401441
663315276454401442
663315276454401443
663315276454401444
663315276454401445
663315276454401446
663315276454401447
663315276454401448
663315276454401449
663315276454401450
663315276454401451
663315276454401452
663315276454401453
663315276454401454
663315276454401455
663315276454401456
663315276454401457
663315276454401458
663315276454401459
663315276454401460
663315276454401461
663315276454401462
663315276454401463
663315276454401464
663315276454401465
663315276454401466
663315276454401467
663315276454401468
663315276454401469
663315276454401470
663315276454401471
663315276454401472
663315276454401473
663315276454401474
663315276454401475
663315276454401476
663315276454401477
663315276454401478
663315276454401479
663315276454401480
663315276454401481
663315276454401482
663315276454401483
663315276454401484
663315276454401485
663315276454401486
663315276454401487
663315276454401488
663315276454401489
663315276454401490
663315276454401491
663315276454401492
663315276454401493
663315276454401494
663315276454401495
663315276454401496
663315276454401497
663315276454401498
663315276454401499
663315276454401500
663315276454401501
663315276454401502
663315276454401503
663315276454401504
663315276454401505
663315276454401506
663315276454401507
663315276454401508
663315276454401509
663315276454401510
663315276454401511
663315276454401512
663315276454401513
663315276454401514
663315276454401515
663315276454401516
663315276454401517
663315276454401518
663315276454401519
663315276454401520
663315276454401521
663315276454401522
663315276454401523
663315276454401524
663315276454401525
663315276454401526
663315276454401527
663315276454401528
663315276454401529
663315276454401530
663315276454401531
663315276454401532
663315276454401533
663315276454401534
663315276454401535
663315276454401536
663315276454401537
663315276454401538
663315276454401539
663315276454401540
663315276454401541
663315276454401542
663315276454401543
663315276454401544
663315276454401545
663315276454401546
663315276454401547
663315276454401548
663315276454401549
663315276454401550
663315276454401551
663315276454401552
663315276454401553
663315276454401554
663315276454401555
663315276454401556
663315276454401557
663315276454401558
663315276454401559
663315276454401560
663315276454401561
663315276454401562
663315276454401563
663315276454401564
663315276454401565
663315276454401566
663315276454401567
663315276454401568
663315276454401569
663315276454401570
663315276454401571
663315276454401572
663315276454401573
663315276454401574
663315276454401575
663315276454401576
663315276454401577
663315276454401578
663315276454401579
663315276454401580
663315276454401581
663315276454401582
663315276454401583
663315276454401584
663315276454401585
663315276454401586
663315276454401587
663315276454401588
663315276454401589
663315276454401590
663315276454401591
663315276454401592
663315276454401593
663315276454401594
663315276454401595
663315276454401596
663315276454401597
663315276454401598
663315276454401599
663315276454401600
663315276454401601
663315276454401602
663315276454401603
663315276454401604
663315276454401605
663315276454401606
663315276454401607
663315276454401608
663315276454401609
663315276454401610
663315276454401611
663315276454401612
663315276454401613
663315276454401614
663315276454401615
663315276454401616
663315276454401617
663315276454401618
663315276454401619
663315276454401620
663315276454401621
663315276454401622
663315276454401623
663315276454401624
663315276454401625
663315276454401626
663315276454401627
663315276454401628
663315276454401629
663315276454401630
663315276454401631
663315276454401632
663315276454401633
663315276454401634
663315276454401635
663315276454401636
663315276454401637
663315276454401638
663315276454401639
663315276454401640
663315276454401641
663315276454401642
663315276454401643
663315276454401644
663315276454401645
663315276454401646
663315276454401647
663315276454401648
663315276454401649
663315276454401650
663315276454401651
663315276454401652
663315276454401653
663315276454401654
663315276454401655
663315276454401656
663315276454401657
663315276454401658
663315276454401659
663315276454401660
663315276454401661
663315276454401662
663315276454401663
663315276454401664
663315276454401665
663315276454401666
663315276454401667
663315276454401668
663315276454401669
663315276454401670
663315276454401671
663315276454401672
663315276454401673
663315276454401674
663315276454401675
663315276454401676
663315276454401677
663315276454401678
663315276454401679
663315276454401680
663315276454401681
663315276454401682
663315276454401683
663315276454401684
663315276454401685
663315276454401686
663315276454401687
663315276454401688
663315276454401689
663315276454401690
663315276454401691
663315276454401692
663315276454401693
663315276454401694
663315276454401695
663315276454401696
663315276454401697
663315276454401698
663315276454401699
663315276454401700
663315276454401701
663315276454401702
663315276454401703
663315276454401704
663315276454401705
663315276454401706
663315276454401707
663315276454401708
663315276454401709
663315276454401710
663315276454401711
663315276454401712
663315276454401713
663315276454401714
663315276454401715
663315276454401716
663315276454401717
663315276454401718
663315276454401719
663315276454401720
663315276454401721
663315276454401722
663315276454401723
663315276454401724
663315276454401725
663315276454401726
663315276454401727
663315276454401728
663315276454401729
663315276454401730
663315276454401731
663315276454401732
663315276454401733
663315276454401734
663315276454401735
663315276454401736
663315276454401737
663315276454401738
663315276454401739
663315276454401740
663315276454401741
663315276454401742
663315276454401743
663315276454401744
663315276454401745
663315276454401746
663315276454401747
663315276454401748
663315276454401749
663315276454401750
663315276454401751
663315276454401752
663315276454401753
663315276454401754
663315276454401755
663315276454401756
663315276454401757
663315276454401758
663315276454401759
663315276454401760
663315276454401761
663315276454401762
663315276454401763
663315276454401764
663315276454401765
663315276454401766
663315276454401767
663315276454401768
663315276454401769
663315276454401770
663315276454401771
663315276454401772
663315276454401773
663315276454401774
663315276454401775
663315276454401776
663315276454401777
663315276454401778
663315276454401779
663315276454401780
663315276454401781
663315276454401782
663315276454401783
663315276454401784
663315276454401785
663315276454401786
663315276454401787
663315276454401788
663315276454401789
663315276454401790
663315276454401791
663315276454401792
663315276454401793
663315276454401794
663315276454401795
663315276454401796
663315276454401797
663315276454401798
663315276454401799
663315276454401800
663315276454401801
663315276454401802
663315276454401803
663315276454401804
663315276454401805
663315276454401806
663315276454401807
663315276454401808
663315276454401809
663315276454401810
663315276454401811
663315276454401812
663315276454401813
663315276454401814
663315276454401815
663315276454401816
663315276454401817
663315276454401818
663315276454401819
663315276454401820
663315276454401821
663315276454401822
663315276454401823
663315276454401824
663315276454401825
663315276454401826
663315276454401827
663315276454401828
663315276454401829
663315276454401830
663315276454401831
663315276454401832
663315276454401833
663315276454401834
663315276454401835
663315276454401836
663315276454401837
663315276454401838
663315276454401839
663315276454401840
663315276454401841
663315276454401842
663315276454401843
663315276454401844
663315276454401845
663315276454401846
663315276454401847
663315276454401848
663315276454401849
663315276454401850
663315276454401851
663315276454401852
663315276454401853
663315276454401854
663315276454401855
663315276454401856
663315276454401857
663315276454401858
663315276454401859
663315276454401860
663315276454401861
663315276454401862
663315276454401863
663315276454401864
663315276454401865
663315276454401866
663315276454401867
663315276454401868
663315276454401869
663315276454401870
663315276454401871
663315276454401872
663315276454401873
663315276454401874
663315276454401875
663315276454401876
663315276454401877
663315276454401878
663315276454401879
663315276454401880
663315276454401881
663315276454401882
663315276454401883
663315276454401884
663315276454401885
663315276454401886
663315276454401887
663315276454401888
663315276454401889
663315276454401890
663315276454401891
663315276454401892
663315276454401893
663315276454401894
663315276454401895
663315276454401896
663315276454401897
663315276454401898
663315276454401899
663315276454401900
663315276454401901
663315276454401902
663315276454401903
663315276454401904
663315276454401905
663315276454401906
663315276454401907
663315276454401908
663315276454401909
663315276454401910
663315276454401911
663315276454401912
663315276454401913
663315276454401914
663315276454401915
663315276454401916
663315276454401917
663315276454401918
663315276454401919
663315276454401920
663315276454401921
663315276454401922
663315276454401923
663315276454401924
663315276454401925
663315276454401926
663315276454401927
663315276454401928
663315276454401929
663315276454401930
663315276454401931
663315276454401932
663315276454401933
663315276454401934
663315276454401935
663315276454401936
663315276454401937
663315276454401938
663315276454401939
663315276454401940
663315276454401941
663315276454401942
663315276454401943
663315276454401944
663315276454401945
663315276454401946
663315276454401947
663315276454401948
663315276454401949
663315276454401950
663315276454401951
663315276454401952
663315276454401953
663315276454401954
663315276454401955
663315276454401956
663315276454401957
663315276454401958
663315276454401959
663315276454401960
663315276454401961
663315276454401962
663315276454401963
663315276454401964
663315276454401965
663315276454401966
663315276454401967
663315276454401968
663315276454401969
663315276454401970
663315276454401971
663315276454401972
663315276454401973
663315276454401974
663315276454401975
663315276454401976
663315276454401977
663315276454401978
663315276454401979
663315276454401980
663315276454401981
663315276454401982
663315276454401983
663315276454401984
663315276454401985
663315276454401986
663315276454401987
663315276454401988
663315276454401989
663315276454401990
663315276454401991
663315276454401992
663315276454401993
663315276454401994
663315276454401995
663315276454401996
663315276454401997
663315276454401998
663315276454401999
663315276454402000
663315276454402001
663315276454402002
663315276454402003
663315276454402004
663315276454402005
663315276454402006
663315276454402007
663315276454402008
663315276454402009
663315276454402010
663315276454402011
663315276454402012
663315276454402013
663315276454402014
663315276454402015
663315276454402016
663315276454402017
663315276454402018
663315276454402019
663315276454402020
663315276454402021
663315276454402022
663315276454402023
663315276454402024
663315276454402025
663315276454402026
663315276454402027
663315276454402028
663315276454402029
663315276454402030
663315276454402031
663315276454402032
663315276454402033
663315276454402034
663315276454402035
663315276454402036
663315276454402037
663315276454402038
663315276454402039
663315276454402040
663315276454402041
663315276454402042
663315276454402043
663315276454402044
663315276454402045
663315276454402046
663315276454402047
663315276454402048
663315276454402049
663315276454402050
663315276454402051
663315276454402052
663315276454402053
663315276454402054
663315276454402055
663315276454402056
663315276454402057
663315276454402058
663315276454402059
663315276454402060
663315276454402061
663315276454402062
663315276454402063
663315276454402064
663315276454402065
663315276454402066
663315276454402067
663315276454402068
663315276454402069
663315276454402070
663315276454402071
663315276454402072
663315276454402073
663315276454402074
663315276454402075
663315276454402076
663315276454402077
663315276454402078
663315276454402079
663315276454402080
663315276454402081
663315276454402082
663315276454402083
663315276454402084
663315276454402085
663315276454402086
663315276454402087
663315276454402088
663315276454402089
663315276454402090
663315276454402091
663315276454402092
663315276454402093
663315276454402094
663315276454402095
663315276454402096
663315276454402097
663315276454402098
663315276454402099
663315276454402100
663315276454402101
663315276454402102
663315276454402103
663315276454402104
663315276454402105
663315276454402106
663315276454402107
663315276454402108
663315276454402109
663315276454402110
663315276454402111
663315276454402112
663315276454402113
663315276454402114
663315276454402115
663315276454402116
663315276454402117
663315276454402118
663315276454402119
663315276454402120
663315276454402121
663315276454402122
663315276454402123
663315276454402124
663315276454402125
663315276454402126
663315276454402127
663315276454402128
663315276454402129
663315276454402130
663315276454402131
663315276454402132
663315276454402133
663315276454402134
663315276454402135
663315276454402136
663315276454402137
663315276454402138
663315276454402139
663315276454402140
663315276454402141
663315276454402142
663315276454402143
663315276454402144
663315276454402145
663315276454402146
663315276454402147
663315276454402148
663315276454402149
663315276454402150
663315276454402151
663315276454402152
663315276454402153
663315276454402154
663315276454402155
663315276454402156
663315276454402157
663315276454402158
663315276454402159
663315276454402160
663315276454402161
663315276454402162
663315276454402163
663315276454402164
663315276454402165
663315276454402166
663315276454402167
663315276454402168
663315276454402169
663315276454402170
663315276454402171
663315276454402172
663315276454402173
663315276454402174
663315276454402175
663315276454402176
663315276454402177
663315276454402178
663315276454402179
663315276454402180
663315276454402181
663315276454402182
663315276454402183
663315276454402184
663315276454402185
663315276454402186
663315276454402187
663315276454402188
663315276454402189
663315276454402190
663315276454402191
663315276454402192
663315276454402193
663315276454402194
663315276454402195
663315276454402196
663315276454402197
663315276454402198
663315276454402199
663315276454402200
663315276454402201
663315276454402202
663315276454402203
663315276454402204
663315276454402205
663315276454402206
663315276454402207
663315276454402208
663315276454402209
663315276454402210
663315276454402211
663315276454402212
663315276454402213
663315276454402214
663315276454402215
663315276454402216
663315276454402217
663315276454402218
663315276454402219
663315276454402220
663315276454402221
663315276454402222
663315276454402223
663315276454402224
663315276454402225
663315276454402226
663315276454402227
663315276454402228
663315276454402229
663315276454402230
663315276454402231
663315276454402232
663315276454402233
663315276454402234
663315276454402235
663315276454402236
663315276454402237
663315276454402238
663315276454402239
663315276454402240
663315276454402241
663315276454402242
663315276454402243
663315276454402244
663315276454402245
663315276454402246
663315276454402247
663315276454402248
663315276454402249
663315276454402250
663315276454402251
663315276454402252
663315276454402253
663315276454402254
663315276454402255
663315276454402256
663315276454402257
663315276454402258
663315276454402259
663315276454402260
663315276454402261
663315276454402262
663315276454402263
663315276454402264
663315276454402265
663315276454402266
663315276454402267
663315276454402268
663315276454402269
663315276454402270
663315276454402271
663315276454402272
663315276454402273
663315276454402274
663315276454402275
663315276454402276
663315276454402277
663315276454402278
663315276454402279
663315276454402280
663315276454402281
663315276454402282
663315276454402283
663315276454402284
663315276454402285
663315276454402286
663315276454402287
663315276454402288
663315276454402289
663315276454402290
663315276454402291
663315276454402292
663315276454402293
663315276454402294
663315276454402295
663315276454402296
663315276454402297
663315276454402298
663315276454402299
663315276454402300
663315276454402301
663315276454402302
663315276454402303
663315276454402304
663315276454402305
663315276454402306
663315276454402307
663315276454402308
663315276454402309
663315276454402310
663315276454402311
663315276454402312
663315276454402313
663315276454402314
663315276454402315
663315276454402316
663315276454402317
663315276454402318
663315276454402319
663315276454402320
663315276454402321
663315276454402322
663315276454402323
663315276454402324
663315276454402325
663315276454402326
663315276454402327
663315276454402328
663315276454402329
663315276454402330
663315276454402331
663315276454402332
663315276454402333
663315276454402334
663315276454402335
663315276454402336
663315276454402337
663315276454402338
663315276454402339
663315276454402340
663315276454402341
663315276454402342
663315276454402343
663315276454402344
663315276454402345
663315276454402346
663315276454402347
663315276454402348
663315276454402349
663315276454402350
663315276454402351
663315276454402352
663315276454402353
663315276454402354
663315276454402355
663315276454402356
663315276454402357
663315276454402358
663315276454402359
663315276454402360
663315276454402361
663315276454402362
663315276454402363
663315276454402364
663315276454402365
663315276454402366
663315276454402367
663315276454402368
663315276454402369
663315276454402370
663315276454402371
663315276454402372
663315276454402373
663315276454402374
663315276454402375
663315276454402376
663315276454402377
663315276454402378
663315276454402379
663315276454402380
663315276454402381
663315276454402382
663315276454402383
663315276454402384
663315276454402385
663315276454402386
663315276454402387
663315276454402388
663315276454402389
663315276454402390
663315276454402391
663315276454402392
663315276454402393
663315276454402394
663315276454402395
663315276454402396
663315276454402397
663315276454402398
663315276454402399
663315276454402400
663315276454402401
663315276454402402
663315276454402403
663315276454402404
663315276454402405
663315276454402406
663315276454402407
663315276454402408
663315276454402409
663315276454402410
663315276454402411
663315276454402412
663315276454402413
663315276454402414
663315276454402415
663315276454402416
663315276454402417
663315276454402418
663315276454402419
663315276454402420
663315276454402421
663315276454402422
663315276454402423
663315276454402424
663315276454402425
663315276454402426
663315276454402427
663315276454402428
663315276454402429
663315276454402430
663315276454402431
663315276454402432
663315276454402433
663315276454402434
663315276454402435
663315276454402436
663315276454402437
663315276454402438
663315276454402439
663315276454402440
663315276454402441
663315276454402442
663315276454402443
663315276454402444
663315276454402445
663315276454402446
663315276454402447
663315276454402448
663315276454402449
663315276454402450
663315276454402451
663315276454402452
663315276454402453
663315276454402454
663315276454402455
663315276454402456
663315276454402457
663315276454402458
663315276454402459
663315276454402460
663315276454402461
663315276454402462
663315276454402463
663315276454402464
663315276454402465
663315276454402466
663315276454402467
663315276454402468
663315276454402469
663315276454402470
663315276454402471
663315276454402472
663315276454402473
663315276454402474
663315276454402475
663315276454402476
663315276454402477
663315276454402478
663315276454402479
663315276454402480
663315276454402481
663315276454402482
663315276454402483
663315276454402484
663315276454402485
663315276454402486
663315276454402487
663315276454402488
663315276454402489
663315276454402490
663315276454402491
663315276454402492
663315276454402493
663315276454402494
663315276454402495
663315276454402496
663315276454402497
663315276454402498
663315276454402499
663315276454402500
663315276454402501
663315276454402502
663315276454402503
663315276454402504
663315276454402505
663315276454402506
663315276454402507
663315276454402508
663315276454402509
663315276454402510
663315276454402511
663315276454402512
663315276454402513
663315276454402514
663315276454402515
663315276454402516
663315276454402517
663315276454402518
663315276454402519
663315276454402520
663315276454402521
663315276454402522
663315276454402523
663315276454402524
663315276454402525
663315276454402526
663315276454402527
663315276454402528
663315276454402529
663315276454402530
663315276454402531
663315276454402532
663315276454402533
663315276454402534
663315276454402535
663315276454402536
663315276454402537
663315276454402538
663315276454402539
663315276454402540
663315276454402541
663315276454402542
663315276454402543
663315276454402544
663315276454402545
663315276454402546
663315276454402547
663315276454402548
663315276454402549
663315276454402550
663315276454402551
663315276454402552
663315276454402553
663315276454402554
663315276454402555
663315276454402556
663315276454402557
663315276454402558
663315276454402559
663315276454402560
663315276454402561
663315276454402562
663315276454402563
663315276454402564
663315276454402565
663315276454402566
663315276454402567
663315276454402568
663315276454402569
663315276454402570
663315276454402571
663315276454402572
663315276454402573
663315276454402574
663315276454402575
663315276454402576
663315276454402577
663315276454402578
663315276454402579
663315276454402580
663315276454402581
663315276454402582
663315276454402583
663315276454402584
663315276454402585
663315276454402586
663315276454402587
663315276454402588
663315276454402589
663315276454402590
663315276454402591
663315276454402592
663315276454402593
663315276454402594
663315276454402595
663315276454402596
663315276454402597
663315276454402598
663315276454402599
663315276454402600
663315276454402601
663315276454402602
663315276454402603
663315276454402604
663315276454402605
663315276454402606
663315276454402607
663315276454402608
663315276454402609
663315276454402610
663315276454402611
663315276454402612
663315276454402613
663315276454402614
663315276454402615
663315276454402616
663315276454402617
663315276454402618
663315276454402619
663315276454402620
663315276454402621
663315276454402622
663315276454402623
663315276454402624
663315276454402625
663315276454402626
663315276454402627
663315276454402628
663315276454402629
663315276454402630
663315276454402631
663315276454402632
663315276454402633
663315276454402634
663315276454402635
663315276454402636
663315276454402637
663315276454402638
663315276454402639
663315276454402640
663315276454402641
663315276454402642
663315276454402643
663315276454402644
663315276454402645
663315276454402646
663315276454402647
663315276454402648
663315276454402649
663315276454402650
663315276454402651
663315276454402652
663315276454402653
663315276454402654
663315276454402655
663315276454402656
663315276454402657
663315276454402658
663315276454402659
663315276454402660
663315276454402661
663315276454402662
663315276454402663
663315276454402664
663315276454402665
663315276454402666
663315276454402667
663315276454402668
663315276454402669
663315276454402670
663315276454402671
663315276454402672
663315276454402673
663315276454402674
663315276454402675
663315276454402676
663315276454402677
663315276454402678
663315276454402679
663315276454402680
663315276454402681
663315276454402682
663315276454402683
663315276454402684
663315276454402685
663315276454402686
663315276454402687
663315276454402688
663315276454402689
663315276454402690
663315276454402691
663315276454402692
663315276454402693
663315276454402694
663315276454402695
663315276454402696
663315276454402697
663315276454402698
663315276454402699
663315276454402700
663315276454402701
663315276454402702
663315276454402703
663315276454402704
663315276454402705
663315276454402706
663315276454402707
663315276454402708
663315276454402709
663315276454402710
663315276454402711
663315276454402712
663315276454402713
663315276454402714
663315276454402715
663315276454402716
663315276454402717
663315276454402718
663315276454402719
663315276454402720
663315276454402721
663315276454402722
663315276454402723
663315276454402724
663315276454402725
663315276454402726
663315276454402727
663315276454402728
663315276454402729
663315276454402730
663315276454402731
663315276454402732
663315276454402733
663315276454402734
663315276454402735
663315276454402736
663315276454402737
663315276454402738
663315276454402739
663315276454402740
663315276454402741
663315276454402742
663315276454402743
663315276454402744
663315276454402745
663315276454402746
663315276454402747
663315276454402748
663315276454402749
663315276454402750
663315276454402751
663315276454402752
663315276454402753
663315276454402754
663315276454402755
663315276454402756
663315276454402757
663315276454402758
663315276454402759
663315276454402760
663315276454402761
663315276454402762
663315276454402763
663315276454402764
663315276454402765
663315276454402766
663315276454402767
663315276454402768
663315276454402769
663315276454402770
663315276454402771
663315276454402772
663315276454402773
663315276454402774
663315276454402775
663315276454402776
663315276454402777
663315276454402778
663315276454402779
663315276454402780
663315276454402781
663315276454402782
663315276454402783
663315276454402784
663315276454402785
663315276454402786
663315276454402787
663315276454402788
663315276454402789
663315276454402790
663315276454402791
663315276454402792
663315276454402793
663315276454402794
663315276454402795
663315276454402796
663315276454402797
663315276454402798
663315276454402799
663315276454402800
663315276454402801
663315276454402802
663315276454402803
663315276454402804
663315276454402805
663315276454402806
663315276454402807
663315276454402808
663315276454402809
663315276454402810
663315276454402811
663315276454402812
663315276454402813
663315276454402814
663315276454402815
663315276454402816
663315276454402817
663315276454402818
663315276454402819
663315276454402820
663315276454402821
663315276454402822
663315276454402823
663315276454402824
663315276454402825
663315276454402826
663315276454402827
663315276454402828
663315276454402829
663315276454402830
663315276454402831
663315276454402832
663315276454402833
663315276454402834
663315276454402835
663315276454402836
663315276454402837
663315276454402838
663315276454402839
663315276454402840
663315276454402841
663315276454402842
663315276454402843
663315276454402844
663315276454402845
663315276454402846
663315276454402847
663315276454402848
663315276454402849
663315276454402850
663315276454402851
663315276454402852
663315276454402853
663315276454402854
663315276454402855
663315276454402856
663315276454402857
663315276454402858
663315276454402859
663315276454402860
663315276454402861
663315276454402862
663315276454402863
663315276454402864
663315276454402865
663315276454402866
663315276454402867
663315276454402868
663315276454402869
663315276454402870
663315276454402871
663315276454402872
663315276454402873
663315276454402874
663315276454402875
663315276454402876
663315276454402877
663315276454402878
663315276454402879
663315276454402880
663315276454402881
663315276454402882
663315276454402883
663315276454402884
663315276454402885
663315276454402886
663315276454402887
663315276454402888
663315276454402889
663315276454402890
663315276454402891
663315276454402892
663315276454402893
663315276454402894
663315276454402895
663315276454402896
663315276454402897
663315276454402898
663315276454402899
663315276454402900
663315276454402901
663315276454402902
663315276454402903
663315276454402904
663315276454402905
663315276454402906
663315276454402907
663315276454402908
663315276454402909
663315276454402910
663315276454402911
663315276454402912
663315276454402913
663315276454402914
663315276454402915
663315276454402916
663315276454402917
663315276454402918
663315276454402919
663315276454402920
663315276454402921
663315276454402922
663315276454402923
663315276454402924
663315276454402925
663315276454402926
663315276454402927
663315276454402928
663315276454402929
663315276454402930
663315276454402931
663315276454402932
663315276454402933
663315276454402934
663315276454402935
663315276454402936
663315276454402937
663315276454402938
663315276454402939
663315276454402940
663315276454402941
663315276454402942
663315276454402943
663315276454402944
663315276454402945
663315276454402946
663315276454402947
663315276454402948
663315276454402949
663315276454402950
663315276454402951
663315276454402952
663315276454402953
663315276454402954
663315276454402955
663315276454402956
663315276454402957
663315276454402958
663315276454402959
663315276454402960
663315276454402961
663315276454402962
663315276454402963
663315276454402964
663315276454402965
663315276454402966
663315276454402967
663315276454402968
663315276454402969
663315276454402970
663315276454402971
663315276454402972
663315276454402973
663315276454402974
663315276454402975
663315276454402976
663315276454402977
663315276454402978
663315276454402979
663315276454402980
663315276454402981
663315276454402982
663315276454402983
663315276454402984
663315276454402985
663315276454402986
663315276454402987
663315276454402988
663315276454402989
663315276454402990
663315276454402991
663315276454402992
663315276454402993
663315276454402994
663315276454402995
663315276454402996
663315276454402997
663315276454402998
663315276454402999
663315276454403000
663315276454403001
663315276454403002
663315276454403003
663315276454403004
663315276454403005
663315276454403006
663315276454403007
663315276454403008
663315276454403009
663315276454403010
663315276454403011
663315276454403012
663315276454403013
663315276454403014
663315276454403015
663315276454403016
663315276454403017
663315276454403018
663315276454403019
663315276454403020
663315276454403021
663315276454403022
663315276454403023
663315276454403024
663315276454403025
663315276454403026
663315276454403027
663315276454403028
663315276454403029
663315276454403030
663315276454403031
663315276454403032
663315276454403033
663315276454403034
663315276454403035
663315276454403036
663315276454403037
663315276454403038
663315276454403039
663315276454403040
663315276454403041
663315276454403042
663315276454403043
663315276454403044
663315276454403045
663315276454403046
663315276454403047
663315276454403048
663315276454403049
663315276454403050
663315276454403051
663315276454403052
663315276454403053
663315276454403054
663315276454403055
663315276454403056
663315276454403057
663315276454403058
663315276454403059
663315276454403060
663315276454403061
663315276454403062
663315276454403063
663315276454403064
663315276454403065
663315276454403066
663315276454403067
663315276454403068
663315276454403069
663315276454403070
663315276454403071
663315276454403072
663315276454403073
663315276454403074
663315276454403075
663315276454403076
663315276454403077
663315276454403078
663315276454403079
663315276454403080
663315276454403081
663315276454403082
663315276454403083
663315276454403084
663315276454403085
663315276454403086
663315276454403087
663315276454403088
663315276454403089
663315276454403090
663315276454403091
663315276454403092
663315276454403093
663315276454403094
663315276454403095
663315276454403096
663315276454403097
663315276454403098
663315276454403099
663315276454403100
663315276454403101
663315276454403102
663315276454403103
663315276454403104
663315276454403105
663315276454403106
663315276454403107
663315276454403108
663315276454403109
663315276454403110
663315276454403111
663315276454403112
663315276454403113
663315276454403114
663315276454403115
663315276454403116
663315276454403117
663315276454403118
663315276454403119
663315276454403120
663315276454403121
663315276454403122
663315276454403123
663315276454403124
663315276454403125
663315276454403126
663315276454403127
663315276454403128
663315276454403129
663315276454403130
663315276454403131
663315276454403132
663315276454403133
663315276454403134
663315276454403135
663315276454403136
663315276454403137
663315276454403138
663315276454403139
663315276454403140
663315276454403141
663315276454403142
663315276454403143
663315276454403144
663315276454403145
663315276454403146
663315276454403147
663315276454403148
663315276454403149
663315276454403150
663315276454403151
663315276454403152
663315276454403153
663315276454403154
663315276454403155
663315276454403156
663315276454403157
663315276454403158
663315276454403159
663315276454403160
663315276454403161
663315276454403162
663315276454403163
663315276454403164
663315276454403165
663315276454403166
663315276454403167
663315276454403168
663315276454403169
663315276454403170
663315276454403171
663315276454403172
663315276454403173
663315276454403174
663315276454403175
663315276454403176
663315276454403177
663315276454403178
663315276454403179
663315276454403180
663315276454403181
663315276454403182
663315276454403183
663315276454403184
663315276454403185
663315276454403186
663315276454403187
663315276454403188
663315276454403189
663315276454403190
663315276454403191
663315276454403192
663315276454403193
663315276454403194
663315276454403195
663315276454403196
663315276454403197
663315276454403198
663315276454403199
663315276454403200
663315276454403201
663315276454403202
663315276454403203
663315276454403204
663315276454403205
663315276454403206
663315276454403207
663315276454403208
663315276454403209
663315276454403210
663315276454403211
663315276454403212
663315276454403213
663315276454403214
663315276454403215
663315276454403216
663315276454403217
663315276454403218
663315276454403219
663315276454403220
663315276454403221
663315276454403222
663315276454403223
663315276454403224
663315276454403225
663315276454403226
663315276454403227
663315276454403228
663315276454403229
663315276454403230
663315276454403231
663315276454403232
663315276454403233
663315276454403234
663315276454403235
663315276454403236
663315276454403237
663315276454403238
663315276454403239
663315276454403240
663315276454403241
663315276454403242
663315276454403243
663315276454403244
663315276454403245
663315276454403246
663315276454403247
663315276454403248
663315276454403249
663315276454403250
663315276454403251
663315276454403252
663315276454403253
663315276454403254
663315276454403255
663315276454403256
663315276454403257
663315276454403258
663315276454403259
663315276454403260
663315276454403261
663315276454403262
663315276454403263
663315276454403264
663315276454403265
663315276454403266
663315276454403267
663315276454403268
663315276454403269
663315276454403270
663315276454403271
663315276454403272
663315276454403273
663315276454403274
663315276454403275
663315276454403276
663315276454403277
663315276454403278
663315276454403279
663315276454403280
663315276454403281
663315276454403282
663315276454403283
663315276454403284
663315276454403285
663315276454403286
663315276454403287
663315276454403288
663315276454403289
663315276454403290
663315276454403291
663315276454403292
663315276454403293
663315276454403294
663315276454403295
663315276454403296
663315276454403297
663315276454403298
663315276454403299
663315276454403300
663315276454403301
663315276454403302
663315276454403303
663315276454403304
663315276454403305
663315276454403306
663315276454403307
663315276454403308
663315276454403309
663315276454403310
663315276454403311
663315276454403312
663315276454403313
663315276454403314
663315276454403315
663315276454403316
663315276454403317
663315276454403318
663315276454403319
663315276454403320
663315276454403321
663315276454403322
663315276454403323
663315276454403324
663315276454403325
663315276454403326
663315276454403327
663315276454403328
663315276454403329
663315276454403330
663315276454403331
663315276454403332
663315276454403333
663315276454403334
663315276454403335
663315276454403336
663315276454403337
663315276454403338
663315276454403339
663315276454403340
663315276454403341
663315276454403342
663315276454403343
663315276454403344
663315276454403345
663315276454403346
663315276454403347
663315276454403348
663315276454403349
663315276454403350
663315276454403351
663315276454403352
663315276454403353
663315276454403354
663315276454403355
663315276454403356
663315276454403357
663315276454403358
663315276454403359
663315276454403360
663315276454403361
663315276454403362
663315276454403363
663315276454403364
663315276454403365
663315276454403366
663315276454403367
663315276454403368
663315276454403369
663315276454403370
663315276454403371
663315276454403372
663315276454403373
663315276454403374
663315276454403375
663315276454403376
663315276454403377
663315276454403378
663315276454403379
663315276454403380
663315276454403381
663315276454403382
663315276454403383
663315276454403384
663315276454403385
663315276454403386
663315276454403387
663315276454403388
663315276454403389
663315276454403390
663315276454403391
663315276454403392
663315276454403393
663315276454403394
663315276454403395
663315276454403396
663315276454403397
663315276454403398
663315276454403399
663315276454403400
663315276454403401
663315276454403402
663315276454403403
663315276454403404
663315276454403405
663315276454403406
663315276454403407
663315276454403408
663315276454403409
663315276454403410
663315276454403411
663315276454403412
663315276454403413
663315276454403414
663315276454403415
663315276454403416
663315276454403417
663315276454403418
663315276454403419
663315276454403420
663315276454403421
663315276454403422
663315276454403423
663315276454403424
663315276454403425
663315276454403426
663315276454403427
663315276454403428
663315276454403429
663315276454403430
663315276454403431
663315276454403432
663315276454403433
663315276454403434
663315276454403435
663315276454403436
663315276454403437
663315276454403438
663315276454403439
663315276454403440
663315276454403441
663315276454403442
663315276454403443
663315276454403444
663315276454403445
663315276454403446
663315276454403447
663315276454403448
663315276454403449
663315276454403450
663315276454403451
663315276454403452
663315276454403453
663315276454403454
663315276454403455
663315276454403456
663315276454403457
663315276454403458
663315276454403459
663315276454403460
663315276454403461
663315276454403462
663315276454403463
663315276454403464
663315276454403465
663315276454403466
663315276454403467
663315276454403468
663315276454403469
663315276454403470
663315276454403471
663315276454403472
663315276454403473
663315276454403474
663315276454403475
663315276454403476
663315276454403477
663315276454403478
663315276454403479
663315276454403480
663315276454403481
663315276454403482
663315276454403483
663315276454403484
663315276454403485
663315276454403486
663315276454403487
663315276454403488
663315276454403489
663315276454403490
663315276454403491
663315276454403492
663315276454403493
663315276454403494
663315276454403495
663315276454403496
663315276454403497
663315276454403498
663315276454403499
663315276454403500
663315276454403501
663315276454403502
663315276454403503
663315276454403504
663315276454403505
663315276454403506
663315276454403507
663315276454403508
663315276454403509
663315276454403510
663315276454403511
663315276454403512
663315276454403513
663315276454403514
663315276454403515
663315276454403516
663315276454403517
663315276454403518
663315276454403519
663315276454403520
663315276454403521
663315276454403522
663315276454403523
663315276454403524
663315276454403525
663315276454403526
663315276454403527
663315276454403528
663315276454403529
663315276454403530
663315276454403531
663315276454403532
663315276454403533
663315276454403534
663315276454403535
663315276454403536
663315276454403537
663315276454403538
663315276454403539
663315276454403540
663315276454403541
663315276454403542
663315276454403543
663315276454403544
663315276454403545
663315276454403546
663315276454403547
663315276454403548
663315276454403549
663315276454403550
663315276454403551
663315276454403552
663315276454403553
663315276454403554
663315276454403555
663315276454403556
663315276454403557
663315276454403558
663315276454403559
663315276454403560
663315276454403561
663315276454403562
663315276454403563
663315276454403564
663315276454403565
663315276454403566
663315276454403567
663315276454403568
663315276454403569
663315276454403570
663315276454403571
663315276454403572
663315276454403573
663315276454403574
663315276454403575
663315276454403576
663315276454403577
663315276454403578
663315276454403579
663315276454403580
663315276454403581
663315276454403582
663315276454403583
663315276454403584
663315276454403585
663315276454403586
663315276454403587
663315276454403588
663315276454403589
663315276454403590
663315276454403591
663315276454403592
663315276454403593
663315276454403594
663315276454403595
663315276454403596
663315276454403597
663315276454403598
663315276454403599
663315276454403600
663315276454403601
663315276454403602
663315276454403603
663315276454403604
663315276454403605
663315276454403606
663315276454403607
663315276454403608
663315276454403609
663315276454403610
663315276454403611
663315276454403612
663315276454403613
663315276454403614
663315276454403615
663315276454403616
663315276454403617
663315276454403618
663315276454403619
663315276454403620
663315276454403621
663315276454403622
663315276454403623
663315276454403624
663315276454403625
663315276454403626
663315276454403627
663315276454403628
663315276454403629
663315276454403630
663315276454403631
663315276454403632
663315276454403633
663315276454403634
663315276454403635
663315276454403636
663315276454403637
663315276454403638
663315276454403639
663315276454403640
663315276454403641
663315276454403642
663315276454403643
663315276454403644
663315276454403645
663315276454403646
663315276454403647
663315276454403648
663315276454403649
663315276454403650
663315276454403651
663315276454403652
663315276454403653
663315276454403654
663315276454403655
663315276454403656
663315276454403657
663315276454403658
663315276454403659
663315276454403660
663315276454403661
663315276454403662
663315276454403663
663315276454403664
663315276454403665
663315276454403666
663315276454403667
663315276454403668
663315276454403669
663315276454403670
663315276454403671
663315276454403672
663315276454403673
663315276454403674
663315276454403675
663315276454403676
663315276454403677
663315276454403678
663315276454403679
663315276454403680
663315276454403681
663315276454403682
663315276454403683
663315276454403684
663315276454403685
663315276454403686
663315276454403687
663315276454403688
663315276454403689
663315276454403690
663315276454403691
663315276454403692
663315276454403693
663315276454403694
663315276454403695
663315276454403696
663315276454403697
663315276454403698
663315276454403699
663315276454403700
663315276454403701
663315276454403702
663315276454403703
663315276454403704
663315276454403705
663315276454403706
663315276454403707
663315276454403708
663315276454403709
663315276454403710
663315276454403711
663315276454403712
663315276454403713
663315276454403714
663315276454403715
663315276454403716
663315276454403717
663315276454403718
663315276454403719
663315276454403720
663315276454403721
663315276454403722
663315276454403723
663315276454403724
663315276454403725
663315276454403726
663315276454403727
663315276454403728
663315276454403729
663315276454403730
663315276454403731
663315276454403732
663315276454403733
663315276454403734
663315276454403735
663315276454403736
663315276454403737
663315276454403738
663315276454403739
663315276454403740
663315276454403741
663315276454403742
663315276454403743
663315276454403744
663315276454403745
663315276454403746
663315276454403747
663315276454403748
663315276454403749
663315276454403750
663315276454403751
663315276454403752
663315276454403753
663315276454403754
663315276454403755
663315276454403756
663315276454403757
663315276454403758
663315276454403759
663315276454403760
663315276454403761
663315276454403762
663315276454403763
663315276454403764
663315276454403765
663315276454403766
663315276454403767
663315276454403768
663315276454403769
663315276454403770
663315276454403771
663315276454403772
663315276454403773
663315276454403774
663315276454403775
663315276454403776
663315276454403777
663315276454403778
663315276454403779
663315276454403780
663315276454403781
663315276454403782
663315276454403783
663315276454403784
663315276454403785
663315276454403786
663315276454403787
663315276454403788
663315276454403789
663315276454403790
663315276454403791
663315276454403792
663315276454403793
663315276454403794
663315276454403795
663315276454403796
663315276454403797
663315276454403798
663315276454403799
663315276454403800
663315276454403801
663315276454403802
663315276454403803
663315276454403804
663315276454403805
663315276454403806
663315276454403807
663315276454403808
663315276454403809
663315276454403810
663315276454403811
663315276454403812
663315276454403813
663315276454403814
663315276454403815
663315276454403816
663315276454403817
663315276454403818
663315276454403819
663315276454403820
663315276454403821
663315276454403822
663315276454403823
663315276454403824
663315276454403825
663315276454403826
663315276454403827
663315276454403828
663315276454403829
663315276454403830
663315276454403831
663315276454403832
663315276454403833
663315276454403834
663315276454403835
663315276454403836
663315276454403837
663315276454403838
663315276454403839
663315276454403840
663315276454403841
663315276454403842
663315276454403843
663315276454403844
663315276454403845
663315276454403846
663315276454403847
663315276454403848
663315276454403849
663315276454403850
663315276454403851
663315276454403852
663315276454403853
663315276454403854
663315276454403855
663315276454403856
663315276454403857
663315276454403858
663315276454403859
663315276454403860
663315276454403861
663315276454403862
663315276454403863
663315276454403864
663315276454403865
663315276454403866
663315276454403867
663315276454403868
663315276454403869
663315276454403870
663315276454403871
663315276454403872
663315276454403873
663315276454403874
663315276454403875
663315276454403876
663315276454403877
663315276454403878
663315276454403879
663315276454403880
663315276454403881
663315276454403882
663315276454403883
663315276454403884
663315276454403885
663315276454403886
663315276454403887
663315276454403888
663315276454403889
663315276454403890
663315276454403891
663315276454403892
663315276454403893
663315276454403894
663315276454403895
663315276454403896
663315276454403897
663315276454403898
663315276454403899
663315276454403900
663315276454403901
663315276454403902
663315276454403903
663315276454403904
663315276454403905
663315276454403906
663315276454403907
663315276454403908
663315276454403909
663315276454403910
663315276454403911
663315276454403912
663315276454403913
663315276454403914
663315276454403915
663315276454403916
663315276454403917
663315276454403918
663315276454403919
663315276454403920
663315276454403921
663315276454403922
663315276454403923
663315276454403924
663315276454403925
663315276454403926
663315276454403927
663315276454403928
663315276454403929
663315276454403930
663315276454403931
663315276454403932
663315276454403933
663315276454403934
663315276454403935
663315276454403936
663315276454403937
663315276454403938
663315276454403939
663315276454403940
663315276454403941
663315276454403942
663315276454403943
663315276454403944
663315276454403945
663315276454403946
663315276454403947
663315276454403948
663315276454403949
663315276454403950
663315276454403951
663315276454403952
663315276454403953
663315276454403954
663315276454403955
663315276454403956
663315276454403957
663315276454403958
663315276454403959
663315276454403960
663315276454403961
663315276454403962
663315276454403963
663315276454403964
663315276454403965
663315276454403966
663315276454403967
663315276454403968
663315276454403969
663315276454403970
663315276454403971
663315276454403972
663315276454403973
663315276454403974
663315276454403975
663315276454403976
663315276454403977
663315276454403978
663315276454403979
663315276454403980
663315276454403981
663315276454403982
663315276454403983
663315276454403984
663315276454403985
663315276454403986
663315276454403987
663315276454403988
663315276454403989
663315276454403990
663315276454403991
663315276454403992
663315276454403993
663315276454403994
663315276454403995
663315276454403996
663315276454403997
663315276454403998
663315276454403999
663315276454404000
663315276454404001
663315276454404002
663315276454404003
663315276454404004
663315276454404005
663315276454404006
663315276454404007
663315276454404008
663315276454404009
663315276454404010
663315276454404011
663315276454404012
663315276454404013
663315276454404014
663315276454404015
663315276454404016
663315276454404017
663315276454404018
663315276454404019
663315276454404020
663315276454404021
663315276454404022
663315276454404023
663315276454404024
663315276454404025
663315276454404026
663315276454404027
663315276454404028
663315276454404029
663315276454404030
663315276454404031
663315276454404032
663315276454404033
663315276454404034
663315276454404035
663315276454404036
663315276454404037
663315276454404038
663315276454404039
663315276454404040
663315276454404041
663315276454404042
663315276454404043
663315276454404044
663315276454404045
663315276454404046
663315276454404047
663315276454404048
663315276454404049
663315276454404050
663315276454404051
663315276454404052
663315276454404053
663315276454404054
663315276454404055
663315276454404056
663315276454404057
663315276454404058
663315276454404059
663315276454404060
663315276454404061
663315276454404062
663315276454404063
663315276454404064
663315276454404065
663315276454404066
663315276454404067
663315276454404068
663315276454404069
663315276454404070
663315276454404071
663315276454404072
663315276454404073
663315276454404074
663315276454404075
663315276454404076
663315276454404077
663315276454404078
663315276454404079
663315276454404080
663315276454404081
663315276454404082
663315276454404083
663315276454404084
663315276454404085
663315276454404086
663315276454404087
663315276454404088
663315276454404089
663315276454404090
663315276454404091
663315276454404092
663315276454404093
663315276454404094
663315276454404095
663315276454404096
663315276454404097
663315276454404098
663315276454404099
663315276454404100
663315276454404101
663315276454404102
663315276454404103
663315276454404104
663315276454404105
663315276454404106
663315276454404107
663315276454404108
663315276454404109
663315276454404110
663315276454404111
663315276454404112
663315276454404113
663315276454404114
663315276454404115
663315276454404116
663315276454404117
663315276454404118
663315276454404119
663315276454404120
663315276454404121
663315276454404122
663315276454404123
663315276454404124
663315276454404125
663315276454404126
663315276454404127
663315276454404128
663315276454404129
663315276454404130
663315276454404131
663315276454404132
663315276454404133
663315276454404134
663315276454404135
663315276454404136
663315276454404137
663315276454404138
663315276454404139
663315276454404140
663315276454404141
663315276454404142
663315276454404143
663315276454404144
663315276454404145
663315276454404146
663315276454404147
663315276454404148
663315276454404149
663315276454404150
663315276454404151
663315276454404152
663315276454404153
663315276454404154
663315276454404155
663315276454404156
663315276454404157
663315276454404158
663315276454404159
663315276454404160
663315276454404161
663315276454404162
663315276454404163
663315276454404164
663315276454404165
663315276454404166
663315276454404167
663315276454404168
663315276454404169
663315276454404170
663315276454404171
663315276454404172
663315276454404173
663315276454404174
663315276454404175
663315276454404176
663315276454404177
663315276454404178
663315276454404179
663315276454404180
663315276454404181
663315276454404182
663315276454404183
663315276454404184
663315276454404185
663315276454404186
663315276454404187
663315276454404188
663315276454404189
663315276454404190
663315276454404191
663315276454404192
663315276454404193
663315276454404194
663315276454404195
663315276454404196
663315276454404197
663315276454404198
663315276454404199
663315276454404200
663315276454404201
663315276454404202
663315276454404203
663315276454404204
663315276454404205
663315276454404206
663315276454404207
663315276454404208
663315276454404209
663315276454404210
663315276454404211
663315276454404212
663315276454404213
663315276454404214
663315276454404215
663315276454404216
663315276454404217
663315276454404218
663315276454404219
663315276454404220
663315276454404221
663315276454404222
663315276454404223
663315276454404224
663315276454404225
663315276454404226
663315276454404227
663315276454404228
663315276454404229
663315276454404230
663315276454404231
663315276454404232
663315276454404233
663315276454404234
663315276454404235
663315276454404236
663315276454404237
663315276454404238
663315276454404239
663315276454404240
663315276454404241
663315276454404242
663315276454404243
663315276454404244
663315276454404245
663315276454404246
663315276454404247
663315276454404248
663315276454404249
663315276454404250
663315276454404251
663315276454404252
663315276454404253
663315276454404254
663315276454404255
663315276454404256
663315276454404257
663315276454404258
663315276454404259
663315276454404260
663315276454404261
663315276454404262
663315276454404263
663315276454404264
663315276454404265
663315276454404266
663315276454404267
663315276454404268
663315276454404269
663315276454404270
663315276454404271
663315276454404272
663315276454404273
663315276454404274
663315276454404275
663315276454404276
663315276454404277
663315276454404278
663315276454404279
663315276454404280
663315276454404281
663315276454404282
663315276454404283
663315276454404284
663315276454404285
663315276454404286
663315276454404287
663315276454404288
663315276454404289
663315276454404290
663315276454404291
663315276454404292
663315276454404293
663315276454404294
663315276454404295
663315276454404296
663315276454404297
663315276454404298
663315276454404299
663315276454404300
663315276454404301
663315276454404302
663315276454404303
663315276454404304
663315276454404305
663315276454404306
663315276454404307
663315276454404308
663315276454404309
663315276454404310
663315276454404311
663315276454404312
663315276454404313
663315276454404314
663315276454404315
663315276454404316
663315276454404317
663315276454404318
663315276454404319
663315276454404320
663315276454404321
663315276454404322
663315276454404323
663315276454404324
663315276454404325
663315276454404326
663315276454404327
663315276454404328
663315276454404329
663315276454404330
663315276454404331
663315276454404332
663315276454404333
663315276454404334
663315276454404335
663315276454404336
663315276454404337
663315276454404338
663315276454404339
663315276454404340
663315276454404341
663315276454404342
663315276454404343
663315276454404344
663315276454404345
663315276454404346
663315276454404347
663315276454404348
663315276454404349
663315276454404350
663315276454404351
663315276454404352
663315276454404353
663315276454404354
663315276454404355
663315276454404356
663315276454404357
663315276454404358
663315276454404359
663315276454404360
663315276454404361
663315276454404362
663315276454404363
663315276454404364
663315276454404365
663315276454404366
663315276454404367
663315276454404368
663315276454404369
663315276454404370
663315276454404371
663315276454404372
663315276454404373
663315276454404374
663315276454404375
663315276454404376
663315276454404377
663315276454404378
663315276454404379
663315276454404380
663315276454404381
663315276454404382
663315276454404383
663315276454404384
663315276454404385
663315276454404386
663315276454404387
663315276454404388
663315276454404389
663315276454404390
663315276454404391
663315276454404392
663315276454404393
663315276454404394
663315276454404395
663315276454404396
663315276454404397
663315276454404398
663315276454404399
663315276454404400
663315276454404401
663315276454404402
663315276454404403
663315276454404404
663315276454404405
663315276454404406
663315276454404407
663315276454404408
663315276454404409
663315276454404410
663315276454404411
663315276454404412
663315276454404413
663315276454404414
663315276454404415
663315276454404416
663315276454404417
663315276454404418
663315276454404419
663315276454404420
663315276454404421
663315276454404422
663315276454404423
663315276454404424
663315276454404425
663315276454404426
663315276454404427
663315276454404428
663315276454404429
663315276454404430
663315276454404431
663315276454404432
663315276454404433
663315276454404434
663315276454404435
663315276454404436
663315276454404437
663315276454404438
663315276454404439
663315276454404440
663315276454404441
663315276454404442
663315276454404443
663315276454404444
663315276454404445
663315276454404446
663315276454404447
663315276454404448
663315276454404449
663315276454404450
663315276454404451
663315276454404452
663315276454404453
663315276454404454
663315276454404455
663315276454404456
663315276454404457
663315276454404458
663315276454404459
663315276454404460
663315276454404461
663315276454404462
663315276454404463
663315276454404464
663315276454404465
663315276454404466
663315276454404467
663315276454404468
663315276454404469
663315276454404470
663315276454404471
663315276454404472
663315276454404473
663315276454404474
663315276454404475
663315276454404476
663315276454404477
663315276454404478
663315276454404479
663315276454404480
663315276454404481
663315276454404482
663315276454404483
663315276454404484
663315276454404485
663315276454404486
663315276454404487
663315276454404488
663315276454404489
663315276454404490
663315276454404491
663315276454404492
663315276454404493
663315276454404494
663315276454404495
663315276454404496
663315276454404497
663315276454404498
663315276454404499
663315276454404500
663315276454404501
663315276454404502
663315276454404503
663315276454404504
663315276454404505
663315276454404506
663315276454404507
663315276454404508
663315276454404509
663315276454404510
663315276454404511
663315276454404512
663315276454404513
663315276454404514
663315276454404515
663315276454404516
663315276454404517
663315276454404518
663315276454404519
663315276454404520
663315276454404521
663315276454404522
663315276454404523
663315276454404524
663315276454404525
663315276454404526
663315276454404527
663315276454404528
663315276454404529
663315276454404530
663315276454404531
663315276454404532
663315276454404533
663315276454404534
663315276454404535
663315276454404536
663315276454404537
663315276454404538
663315276454404539
663315276454404540
663315276454404541
663315276454404542
663315276454404543
663315276454404544
663315276454404545
663315276454404546
663315276454404547
663315276454404548
663315276454404549
663315276454404550
663315276454404551
663315276454404552
663315276454404553
663315276454404554
663315276454404555
663315276454404556
663315276454404557
663315276454404558
663315276454404559
663315276454404560
663315276454404561
663315276454404562
663315276454404563
663315276454404564
663315276454404565
663315276454404566
663315276454404567
663315276454404568
663315276454404569
663315276454404570
663315276454404571
663315276454404572
663315276454404573
663315276454404574
663315276454404575
663315276454404576
663315276454404577
663315276454404578
663315276454404579
663315276454404580
663315276454404581
663315276454404582
663315276454404583
663315276454404584
663315276454404585
663315276454404586
663315276454404587
663315276454404588
663315276454404589
663315276454404590
663315276454404591
663315276454404592
663315276454404593
663315276454404594
663315276454404595
663315276454404596
663315276454404597
663315276454404598
663315276454404599
663315276454404600
663315276454404601
663315276454404602
663315276454404603
663315276454404604
663315276454404605
663315276454404606
663315276454404607
663315276454404608
663315276454404609
663315276454404610
663315276454404611
663315276454404612
663315276454404613
663315276454404614
663315276454404615
663315276454404616
663315276454404617
663315276454404618
663315276454404619
663315276454404620
663315276454404621
663315276454404622
663315276454404623
663315276454404624
663315276454404625
663315276454404626
663315276454404627
663315276454404628
663315276454404629
663315276454404630
663315276454404631
663315276454404632
663315276454404633
663315276454404634
663315276454404635
663315276454404636
663315276454404637
663315276454404638
663315276454404639
663315276454404640
663315276454404641
663315276454404642
663315276454404643
663315276454404644
663315276454404645
663315276454404646
663315276454404647
663315276454404648
663315276454404649
663315276454404650
663315276454404651
663315276454404652
663315276454404653
663315276454404654
663315276454404655
663315276454404656
663315276454404657
663315276454404658
663315276454404659
663315276454404660
663315276454404661
663315276454404662
663315276454404663
663315276454404664
663315276454404665
663315276454404666
663315276454404667
663315276454404668
663315276454404669
663315276454404670
663315276454404671
663315276454404672
663315276454404673
663315276454404674
663315276454404675
663315276454404676
663315276454404677
663315276454404678
663315276454404679
663315276454404680
663315276454404681
663315276454404682
663315276454404683
663315276454404684
663315276454404685
663315276454404686
663315276454404687
663315276454404688
663315276454404689
663315276454404690
663315276454404691
663315276454404692
663315276454404693
663315276454404694
663315276454404695
663315276454404696
663315276454404697
663315276454404698
663315276454404699
663315276454404700
663315276454404701
663315276454404702
663315276454404703
663315276454404704
663315276454404705
663315276454404706
663315276454404707
663315276454404708
663315276454404709
663315276454404710
663315276454404711
663315276454404712
663315276454404713
663315276454404714
663315276454404715
663315276454404716
663315276454404717
663315276454404718
663315276454404719
663315276454404720
663315276454404721
663315276454404722
663315276454404723
663315276454404724
663315276454404725
663315276454404726
663315276454404727
663315276454404728
663315276454404729
663315276454404730
663315276454404731
663315276454404732
663315276454404733
663315276454404734
663315276454404735
663315276454404736
663315276454404737
663315276454404738
663315276454404739
663315276454404740
663315276454404741
663315276454404742
663315276454404743
663315276454404744
663315276454404745
663315276454404746
663315276454404747
663315276454404748
663315276454404749
663315276454404750
663315276454404751
663315276454404752
663315276454404753
663315276454404754
663315276454404755
663315276454404756
663315276454404757
663315276454404758
663315276454404759
663315276454404760
663315276454404761
663315276454404762
663315276454404763
663315276454404764
663315276454404765
663315276454404766
663315276454404767
663315276454404768
663315276454404769
663315276454404770
663315276454404771
663315276454404772
663315276454404773
663315276454404774
663315276454404775
663315276454404776
663315276454404777
663315276454404778
663315276454404779
663315276454404780
663315276454404781
663315276454404782
663315276454404783
663315276454404784
663315276454404785
663315276454404786
663315276454404787
663315276454404788
663315276454404789
663315276454404790
663315276454404791
663315276454404792
663315276454404793
663315276454404794
663315276454404795
663315276454404796
663315276454404797
663315276454404798
663315276454404799
663315276454404800
663315276454404801
663315276454404802
663315276454404803
663315276454404804
663315276454404805
663315276454404806
663315276454404807
663315276454404808
663315276454404809
663315276454404810
663315276454404811
663315276454404812
663315276454404813
663315276454404814
663315276454404815
663315276454404816
663315276454404817
663315276454404818
663315276454404819
663315276454404820
663315276454404821
663315276454404822
663315276454404823
663315276454404824
663315276454404825
663315276454404826
663315276454404827
663315276454404828
663315276454404829
663315276454404830
663315276454404831
663315276454404832
663315276454404833
663315276454404834
663315276454404835
663315276454404836
663315276454404837
663315276454404838
663315276454404839
663315276454404840
663315276454404841
663315276454404842
663315276454404843
663315276454404844
663315276454404845
663315276454404846
663315276454404847
663315276454404848
663315276454404849
663315276454404850
663315276454404851
663315276454404852
663315276454404853
663315276454404854
663315276454404855
663315276454404856
663315276454404857
663315276454404858
663315276454404859
663315276454404860
663315276454404861
663315276454404862
663315276454404863
663315276454404864
663315276454404865
663315276454404866
663315276454404867
663315276454404868
663315276454404869
663315276454404870
663315276454404871
663315276454404872
663315276454404873
663315276454404874
663315276454404875
663315276454404876
663315276454404877
663315276454404878
663315276454404879
663315276454404880
663315276454404881
663315276454404882
663315276454404883
663315276454404884
663315276454404885
663315276454404886
663315276454404887
663315276454404888
663315276454404889
663315276454404890
663315276454404891
663315276454404892
663315276454404893
663315276454404894
663315276454404895
663315276454404896
663315276454404897
663315276454404898
663315276454404899
663315276454404900
663315276454404901
663315276454404902
663315276454404903
663315276454404904
663315276454404905
663315276454404906
663315276454404907
663315276454404908
663315276454404909
663315276454404910
663315276454404911
663315276454404912
663315276454404913
663315276454404914
663315276454404915
663315276454404916
663315276454404917
663315276454404918
663315276454404919
663315276454404920
663315276454404921
663315276454404922
663315276454404923
663315276454404924
663315276454404925
663315276454404926
663315276454404927
663315276454404928
663315276454404929
663315276454404930
663315276454404931
663315276454404932
663315276454404933
663315276454404934
663315276454404935
663315276454404936
663315276454404937
663315276454404938
663315276454404939
663315276454404940
663315276454404941
663315276454404942
663315276454404943
663315276454404944
663315276454404945
663315276454404946
663315276454404947
663315276454404948
663315276454404949
663315276454404950
663315276454404951
663315276454404952
663315276454404953
663315276454404954
663315276454404955
663315276454404956
663315276454404957
663315276454404958
663315276454404959
663315276454404960
663315276454404961
663315276454404962
663315276454404963
663315276454404964
663315276454404965
663315276454404966
663315276454404967
663315276454404968
663315276454404969
663315276454404970
663315276454404971
663315276454404972
663315276454404973
663315276454404974
663315276454404975
663315276454404976
663315276454404977
663315276454404978
663315276454404979
663315276454404980
663315276454404981
663315276454404982
663315276454404983
663315276454404984
663315276454404985
663315276454404986
663315276454404987
663315276454404988
663315276454404989
663315276454404990
663315276454404991
663315276454404992
663315276454404993
663315276454404994
663315276454404995
663315276454404996
663315276454404997
663315276454404998
663315276454404999
663315276454405000
